683866
684113
684302
684321
684326
684336
684479
684492
684522
684553
684557
684561
684771
684792
684893
685061
685062
685156
685192
685325
685345
685488
685516
685523
685528
685531
685533
685536
685551
685552
685554
685792
685854
685855
685892
685914
686007
686069
686218
686601
687009
687190
687264
687492
687806
687817
687921
688104
688307
688372
688376
688382
688386
688389
688390
688406
688663
689130
689479
689725
689726
689727
689731
689844
689879
690067
690072
690148
691418
691786
692136
693292
693321
693396
